39
78.706104 149.357286
90.514560 142.961039
95.926769 130.168545
95.434750 117.376051
94.696722 112.209852
107.735225 119.836146
123.725842 118.360089
134.304251 105.075576
133.074203 91.053035
123.725842 80.228617
108.227244 77.768522
92.728646 81.458665
106.259168 75.062418
116.591567 67.190114
119.789690 54.889639
116.837577 42.097145
107.489216 34.470851
93.958693 33.732822
81.166199 42.835174
77.476057 54.397620
75.015962 68.420161
72.309858 49.969449
62.223468 35.454889
47.216889 33.732822
35.654442 41.605126
30.734253 57.103724
37.868528 70.388237
48.938955 76.538475
56.565250 82.442703
40.574632 78.506551
25.568053 82.442703
16.711711 97.449282
20.155844 112.947880
33.686366 120.574175
46.970879 118.360089
58.041307 111.963842
55.827221 123.772298
57.057269 135.826764
65.175582 146.897191
