56
736.606508 474.484439
731.277533 456.365923
716.356402 441.444792
693.974705 421.194685
722.751172 422.260480
749.396049 436.115816
731.277533 413.734120
712.093222 390.286628
698.237885 380.694472
697.172090 329.536308
683.316754 276.246554
657.737672 222.956800
630.027000 178.193406
571.408271 130.232628
522.381697 99.324570
459.499787 84.403439
393.420492 81.206054
334.801762 91.864005
294.301549 104.653546
258.064516 125.969447
330.538582 130.232628
374.236180 148.351144
401.946852 167.535455
360.380844 180.324996
331.604377 205.904078
310.288475 237.877931
332.670172 235.746341
353.986074 241.075316
313.485860 263.457013
284.709393 299.694046
276.183033 338.062669
295.367344 332.733693
319.880631 329.536308
296.433139 352.983800
277.248828 389.220833
276.183033 424.392070
281.512008 443.576382
288.972574 462.760693
312.420065 440.378997
336.933352 415.865710
366.775615 394.549808
406.210033 377.497087
438.183885 367.904931
476.552508 358.312775
498.934205 359.378570
498.934205 395.615603
505.328975 422.260480
526.644877 451.036948
560.750320 474.484439
595.921557 480.879210
631.092795 477.681825
655.606082 465.958079
668.395623 449.971152
693.974705 456.365923
717.422197 464.892284
736.606508 475.550234
